245
3561 20
25835 44147 9167 82546 74799 25782 34048 25274 26253 50011 24286 55414 20460 69293 36781 30477 76132 92977 92728 14063 
3947 12
46971 40480 18930 29341 50385 92530 6863 12650 55870 97418 70178 21316 
457 12
94942 48012 91746 76794 6856 56796 84565 19942 2135 4300 21907 6792 
9732 19
34279 70399 68587 25547 45457 46395 59657 91031 14832 27469 30621 23745 16150 21619 5122 97489 97694 23923 50564 
6112 19
21317 87586 57834 95722 96465 1051 40142 54018 78666 6901 47382 13248 31668 61716 27539 86659 95625 93072 71160 
8408 19
9756 16222 31076 23569 13455 63077 27938 35896 40222 47632 3312 82975 23584 5279 4098 69966 37821 22006 46750 
2631 20
28844 95646 53154 27196 41551 48846 91910 65968 46628 98470 51443 72913 92325 86463 39248 49839 63405 11334 72613 30747 
2085 19
83913 46555 45864 98841 6019 24199 12027 7175 79526 19455 55503 84 40109 78571 62580 3332 96920 77445 14537 
1607 16
47477 57912 29091 37890 68468 73408 81391 55900 55616 87257 60495 73555 23959 2940 45009 98726 
821 17
24868 48315 78254 39568 37031 6047 88541 82006 94353 76680 25530 88786 3292 75843 4164 94072 63960 
4721 13
68729 66459 94724 42499 67370 10285 62814 41654 82730 89004 25243 74188 66665 
1478 20
29736 81910 56764 95287 31959 59763 21990 29280 16091 11030 70272 40915 94114 89956 99281 44076 3165 94760 16541 88154 
9060 19
17460 91847 85768 78524 75184 15588 58438 32288 49125 82115 73534 30539 2832 39421 51498 28418 47744 3631 21954 
930 20
15374 77709 50122 98123 69882 32075 60154 30940 68671 24536 24066 64593 64149 69252 62830 8878 55988 31670 68975 76659 
1764 19
47404 44025 65649 11406 54107 77315 20779 14379 64281 13065 56196 21325 56985 56758 12587 48550 14640 65781 12597 
3597 20
40462 30212 95110 43268 15572 44464 11413 10118 37962 76133 90138 43181 26650 84345 90342 82493 12667 73670 55285 59146 
2245 18
36444 56187 84864 67617 90681 98067 30853 72375 8514 20952 61596 93361 50798 88986 43832 47198 12183 3476 
6084 19
49700 80020 41715 91466 40142 69840 81346 83085 81884 21830 70603 37595 29120 5947 24662 75328 34816 26978 82735 
4253 19
38267 78599 88350 24691 52232 31538 63812 53736 47070 68709 43311 51958 56738 37096 92690 25531 99995 54639 31409 
604 13
53894 29140 79703 58896 46407 32057 80612 76134 18628 99172 76575 19444 16250 
4255 20
81866 86820 56287 86341 72649 86205 43634 64636 77860 30433 96564 4701 67242 99761 82795 26711 80831 49819 63616 36939 
5994 11
92442 66168 93229 1488 85291 59227 78748 91519 2344 74630 74163 
3737 16
43158 47737 85327 59688 21489 49181 88312 12565 21407 70424 43515 34756 68991 84845 12217 59149 
5294 20
87435 95852 78911 93228 78899 16698 77661 80627 98765 42723 24523 35912 28350 22848 93883 99504 14456 48438 22139 48322 
7726 18
27 79952 84050 61424 9587 88213 29087 63936 43404 82992 51359 91734 52019 65491 44524 44950 26720 85737 
1670 20
93037 3093 23129 68278 68239 9793 63980 38845 51718 56610 2236 1764 16775 74694 7834 68138 71716 3253 76288 4625 
7114 12
83217 48263 51149 77367 12076 20864 62358 59063 63123 98627 62394 49845 
70 10
23731 26928 29436 71576 83527 64567 9993 76432 6291 31812 
3394 13
39436 15939 54203 95135 81118 98924 10310 10938 58482 2863 41598 64967 93786 
5979 10
51222 99920 56081 14056 9291 25626 97466 88631 37042 51827 
5172 20
51447 57499 4624 78612 70466 52269 6742 17102 52564 57587 40985 22553 863 71104 45727 8430 24432 67828 5955 32583 
1401 20
21662 36831 18325 32087 99567 40839 88283 25313 59882 89744 35776 650 63603 33765 10209 4430 85309 63672 77727 41249 
4930 13
7507 53240 57230 69695 33749 37487 42969 81506 64038 18501 70301 95813 96807 
2122 17
94700 13304 18880 38712 2357 38982 74287 96159 12970 20436 20433 81596 71793 50560 1111 27835 77973 
5286 11
53652 84511 47790 22812 74002 33603 27086 4117 94415 60639 83647 
5065 19
32542 28614 40458 9950 71471 311 6870 20130 3096 69453 75917 99038 63892 77520 71880 28703 62380 89812 99758 
6803 15
41797 81998 98721 58221 12299 73284 39360 49134 48276 40443 74191 50896 2882 7930 9862 
4271 20
16292 43577 24347 20987 26395 61454 18754 12340 34348 68113 48279 11583 44465 54256 86717 29450 71604 49633 28379 1111 
1542 20
48422 32276 43483 37154 57961 88883 41059 53326 91068 41041 50781 35572 23501 47800 2698 74937 46442 86246 20852 25437 
2685 11
96822 72217 19397 43446 36346 13930 74360 32725 26238 41223 58180 
5006 20
54408 54828 50106 68314 43268 21514 30427 91079 53649 6050 25614 12938 18289 57867 64415 76702 46101 95257 35815 39830 
4855 20
21275 49002 1671 85241 54726 96302 96900 61253 51015 44135 42704 60112 68090 48909 46226 50795 27092 61824 74976 66955 
9582 20
80930 79771 91380 49047 71517 84645 18295 65333 72460 62732 76051 38096 57117 15781 75325 82593 26027 72058 68781 25539 
9239 18
78515 97260 73807 24764 6754 95095 65093 12123 35547 75646 55016 34855 86429 6812 93009 52478 56230 25718 
2595 20
68600 24051 74434 65394 6211 14294 53077 47277 7402 43589 89403 20237 37988 99774 85163 21527 32210 58789 56102 4574 
2829 19
77091 27028 91436 60182 74154 85080 9546 8252 41562 13207 97508 91369 85274 82823 97725 56084 85013 52043 96141 
6554 17
22179 53679 3176 55926 69451 70023 50456 10409 8237 82120 40892 13054 59737 82080 16133 59824 82601 
6910 20
1819 1461 29866 84035 24360 92039 34096 77514 68231 29904 15916 59656 83844 15432 42546 74100 30148 79901 72794 10629 
1959 20
33065 66986 79779 37814 92586 15504 37462 8816 30360 6488 65440 30904 26841 80465 40740 78377 22070 58849 2558 26926 
2265 15
88338 46964 19445 2187 84763 21588 40925 61153 81633 79075 91725 67068 26519 79060 70665 
7197 19
33752 79354 40527 45087 9789 70548 60373 57881 37221 35493 57825 50884 22905 29183 47711 32052 85002 23852 17486 
5287 20
25182 28737 85930 45300 80276 27536 3206 10141 84768 69034 3028 70320 7137 74984 74627 8987 25386 61540 6389 78017 
2935 19
79361 13418 34906 75105 91478 37916 29005 89387 84668 37879 44126 89879 34047 94414 14544 7784 63695 68413 1992 
8696 20
35619 45104 44776 86267 17085 89554 3876 87902 38304 24855 77630 82092 78115 2284 82577 94634 66416 42488 5076 65791 
6194 20
70680 49776 30244 83923 81782 41286 14375 25152 83167 2847 83412 37074 33639 19314 91986 47343 497 26984 6875 74648 
7339 20
77692 95078 53848 47960 18156 43162 2107 32093 28568 37395 32405 56101 29228 27500 5671 29480 72783 78398 50903 99861 
3169 20
81404 68833 21488 88523 47381 91815 27517 50325 39686 21040 45464 14258 55535 32833 61712 27591 28600 83548 51699 97013 
5933 11
95523 56989 57640 69265 52059 80946 73147 7410 98996 33213 67783 
310 15
56999 58340 2192 17185 14930 83307 27463 9345 99948 18449 22665 91758 75665 53010 47216 
1598 19
11607 13254 38763 51557 10902 64519 30557 38745 93254 9729 34493 79514 11831 76495 56326 3331 17390 57788 81280 
9487 20
24335 64606 42850 62805 32525 32426 98040 76083 26750 6038 75819 54543 30970 32950 2958 75389 35812 72923 9282 52169 
9692 17
991 12574 90107 94674 59362 89000 4046 53196 17138 49181 6893 38246 70740 10196 45235 44492 95232 
2540 16
99683 89034 31212 4729 5507 39125 84851 73872 94656 65705 55414 41233 86368 7864 91855 37287 
3489 18
84869 26224 14678 94477 83232 6310 86806 82766 37269 67217 18276 69623 99681 24554 63797 97097 27476 4275 
6093 10
60160 77739 90904 4334 66799 49027 72885 9715 65468 53487 
8172 13
46340 74005 79980 60178 37181 71639 75029 92825 8876 50599 29083 5231 54733 
2647 19
69026 6350 15990 66202 10555 32367 25695 81447 72225 21153 40357 19044 76322 21792 699 75654 80710 64626 68666 
9806 20
3034 7833 27565 5897 66069 66792 23799 91531 48636 63040 51194 25166 32539 75753 17347 90405 26491 45685 5999 49240 
7901 19
10970 29395 83517 26579 58602 29644 57830 51089 57998 2992 46423 83308 99186 18318 80845 88339 16893 72008 88594 
7815 19
29279 83165 82861 56576 21168 9755 79735 5927 47844 48124 13176 90719 6691 43089 65395 99502 35113 90067 69558 
1424 19
35687 62620 5751 75603 74316 70030 18512 88092 60367 503 37377 82775 78366 75658 88949 88912 43196 32595 76808 
3177 20
11779 77499 35387 42259 53291 8418 41280 3463 95748 36917 47795 72611 87898 3862 20571 70659 95194 6937 22071 61995 
3454 19
61351 98346 52330 32422 4898 19304 7321 79703 31384 65309 65984 65362 84783 19732 34871 9148 65778 55062 68136 
5280 20
25926 20382 33324 85492 82615 85419 23202 72460 74762 43188 59088 54599 40099 13124 61687 24160 79446 7245 40635 18672 
1761 19
8870 50914 16316 6608 11089 45975 50921 75670 54156 74073 44476 17765 63190 20120 90124 61639 29033 7306 39149 
6813 20
69768 6220 74865 97787 81170 17926 67902 8553 55089 25936 66067 64979 64233 50355 98822 31912 39847 15031 75971 8745 
2493 20
33551 79579 4729 43399 39918 33432 63953 32355 74389 48818 42085 15829 40108 95617 35806 8519 57871 76814 83473 58246 
5036 20
31959 9900 45519 77929 13644 18083 92696 39903 29604 46328 30645 579 40914 39032 53126 58639 85664 13524 52674 35359 
48 13
23765 22992 25194 35013 36919 83383 60186 18532 67080 20457 54540 97064 58936 
9294 20
42080 72711 16973 96726 23597 68640 97076 42870 89243 7009 57516 37909 747 37479 48181 54341 59429 87581 33522 57295 
9956 13
34601 84525 73679 97509 38387 83481 46911 26478 32066 882 86895 39065 51185 
1750 20
18814 80077 97517 91723 91749 62902 74833 84480 70715 28733 68603 68908 10305 11023 64392 7149 41618 54370 3419 44587 
2643 20
72861 27112 92516 70175 14964 47531 46099 55530 38170 60587 47714 60965 31813 72542 16944 88998 571 92984 19499 48641 
356 18
16503 5334 2436 14059 85308 45692 12934 67647 95896 11283 81485 75284 16254 21350 41262 25551 82254 50100 
4496 12
65932 51627 92646 61278 53580 54582 15628 93963 95947 86869 2210 94856 
9064 16
53135 11002 26172 48449 81296 36301 27417 75503 50724 59567 14144 68486 63288 65751 67031 97723 
8407 17
73812 1674 32342 71975 35536 24530 49023 13322 58976 61032 43528 53003 90837 553 71533 36215 29682 
9510 14
21123 55983 38079 7753 613 35269 46160 79603 82554 10693 45049 1071 95215 80288 
4630 20
91356 7100 57171 43959 69243 368 84719 84525 66660 28823 79817 94786 7177 82768 29479 48216 47610 72945 54033 67946 
904 17
1135 16486 26397 97527 64466 31208 62617 53568 86297 37057 44808 71323 90569 7538 24713 96928 28012 
1060 12
36164 5337 99584 53308 88914 21242 42360 98981 23450 97574 61996 6875 
3120 20
63599 45779 89957 86000 70284 807 99902 3756 72215 41195 54200 92494 80761 74725 82105 81665 75149 16260 95577 85769 
4383 18
3660 88191 37770 64548 92898 51153 49762 21265 14272 40441 79012 11447 6329 81907 93416 15791 56820 12670 
2644 20
45568 25465 76246 86827 8260 25096 53516 35291 84739 45494 57696 45285 35476 86734 21544 4356 6193 27945 43777 91944 
735 12
9134 92370 80175 5506 49517 39039 32996 79822 49615 71428 10055 34281 
661 20
48941 87312 32402 83190 46618 77606 50977 25973 15297 26557 49350 31489 55860 41272 44823 15973 86001 9112 5110 66405 
1930 12
83138 88890 45046 94877 37248 61587 76636 7416 20689 28687 58851 67062 
6724 11
61454 66109 54142 63341 95077 92534 15302 90183 85301 55452 63244 
9092 14
27133 70866 56179 39395 52279 14736 59636 33002 43902 83350 4727 61446 50047 14305 
2995 18
21413 74081 1247 34544 52146 43436 9318 19261 18246 57138 63121 30202 52134 19577 30414 5441 84242 5274 
4401 17
13369 8449 55061 92631 10694 90009 53624 96546 176 12535 89240 91057 27963 40054 66987 55517 2498 
8582 14
95124 26310 31680 60342 49047 36499 73331 83989 41460 90971 78272 56004 91550 36362 
1133 20
89093 48670 67618 35861 41188 21741 20708 87020 41625 20269 4635 80544 50898 23940 6023 84375 23045 24559 22869 28103 
7358 20
8226 6016 41726 81897 46729 65508 65619 36550 63957 45114 59605 34271 81543 47834 46203 30585 67570 34122 51487 88944 
8046 20
19009 1801 53710 47686 67877 80588 70965 59572 93679 13731 35624 53756 23451 70753 48638 89532 9462 52846 51652 16932 
3334 19
70502 52459 66019 8390 3390 74193 78535 78792 25209 1165 72123 87949 95596 9662 86180 28291 67012 49268 18424 
5384 10
88270 4407 22206 33436 89449 27108 86961 95070 14597 46098 
2560 19
47035 50332 87694 47585 42077 98687 34286 9355 3919 90653 30532 46678 23625 36243 53012 57157 54891 12033 61536 
3928 20
1040 11109 99984 79929 30902 32229 67684 81414 20790 98055 45529 94388 36372 15018 75480 76960 27612 41979 49155 88388 
5763 20
78572 71306 24823 68800 59364 66108 94605 53371 59160 95236 63137 86642 69478 66230 53009 37166 75194 76502 26444 25576 
1364 20
46785 61473 9703 53457 22118 67215 6637 5480 50191 16602 35016 83629 13278 36175 7442 78179 43337 18075 95115 31631 
9029 19
8174 21238 93249 14741 86492 90513 67385 73968 87109 15784 54927 15282 67865 15325 9474 63312 16128 76134 26710 
5621 19
52140 32620 19098 7845 60026 4633 27127 12746 14822 59919 91081 45934 80098 78307 56717 34928 3209 28194 94534 
5736 13
34072 6524 95208 6920 99003 20135 90598 5729 22150 55280 32846 47874 66362 
498 15
75135 77897 72849 38688 11241 90223 85390 4651 55274 80075 74383 14276 84687 95302 64733 
4139 19
37278 15677 4532 29502 99384 98735 54109 56378 66706 30583 22546 17427 31160 31040 81556 58217 49140 42697 88407 
8988 13
31830 7234 88748 40361 95049 17675 5307 19698 74463 12077 83979 10836 87821 
7492 18
80355 37917 3106 75856 94452 5958 36600 95147 59222 3343 6564 47924 80328 8586 55292 56726 46627 74579 
8728 19
71936 35203 33260 69082 65433 50050 87702 32405 56671 10134 74374 73194 74978 35881 72584 47730 18116 81479 15654 
5496 13
81852 25496 13454 26549 87257 38030 47616 83034 50650 59817 10345 76377 1325 
1606 19
70957 22806 70198 14572 16695 443 89988 87052 82204 70712 74681 81083 60313 73298 5223 92791 93400 81745 95307 
2830 20
73779 43765 27169 2816 85802 50999 24754 93477 11521 52506 81508 66058 69904 17347 2023 22923 62515 74125 3571 65030 
2517 20
45412 2596 68048 20133 88848 33849 57559 44247 39228 85574 24015 47298 3109 95282 52577 66457 84652 85778 30781 74696 
3015 20
55366 59103 18432 34807 94206 34244 44696 84758 4840 45093 56574 10788 45619 12014 50932 62459 60802 61320 57506 32227 
1949 20
24096 18968 82966 71256 98832 52845 2883 63589 5658 7767 96757 99572 99686 77607 75188 21318 29512 46254 41367 1416 
1844 17
95886 84941 6335 67733 28593 32769 92028 98585 47525 3226 20577 82730 22883 69508 67700 54363 19179 
9955 19
73413 34552 59542 51468 34016 47250 81418 25906 11631 68997 79603 32652 91437 95477 48544 14402 57289 33800 83193 
7728 15
86041 73707 70545 65096 56525 87765 95770 58537 29479 26514 17967 12246 62470 71960 56394 
9537 10
14368 42946 20112 63293 41808 27372 90901 8478 80490 43606 
169 16
24116 11989 89528 16510 69006 82712 83015 79875 6516 88125 64322 80122 98095 41858 25353 34351 
4660 16
39466 49130 75421 50666 72867 62952 34629 82664 6364 10404 18015 49197 68486 26081 53046 8268 
4188 20
55107 24790 78967 4685 65716 74653 48855 61295 3949 9443 98086 9776 42996 94512 95029 53254 61376 78816 40737 49469 
6727 19
3037 68367 169 46683 20419 27475 71129 89031 33345 9678 62815 33423 99493 35650 9975 53500 751 89985 99419 
778 11
97016 18264 6397 22082 79080 62951 72090 10570 62308 33245 45172 
5311 19
88308 47594 27 73422 85283 52285 82953 37385 75001 71301 41168 81510 56186 66267 5980 26765 40337 31674 76763 
2098 16
81133 48008 3598 11875 66021 17562 26209 26588 96341 44220 90714 52591 85743 54257 67487 1994 
4513 20
38479 63081 11304 49050 5672 47890 28662 88072 71928 77628 85018 52031 60769 4090 22984 40848 38189 48415 38979 60048 
2503 13
66809 70839 26012 85723 90401 37334 84561 82888 14797 32148 45352 35033 3907 
251 20
42139 36247 41394 30980 2436 28038 36245 51726 88034 49704 43465 56930 68948 380 42849 6156 16364 30613 80354 96369 
3560 15
79096 86281 905 7808 72829 43330 33925 89405 6511 69289 57584 9078 32669 50046 34503 
3491 19
39981 83403 16186 36976 24849 92693 52272 84838 24919 87251 81078 49651 52810 19591 751 55230 74566 39672 77477 
3340 18
89643 82696 96673 54815 23964 77225 8177 76201 37866 7453 31484 66710 34884 64382 45755 46621 33191 1489 
5073 19
73007 48921 1651 70780 17662 45208 41490 61732 36875 40888 10573 54000 21584 68016 30100 92389 1600 86595 46035 
3580 18
54485 15914 26308 68291 74033 43312 88651 94672 7837 33000 12403 58325 29107 47553 93285 84211 24670 22381 
5269 19
27223 38405 26048 5257 7929 39365 86823 9236 50139 24854 55893 61193 66959 41417 32970 34903 79595 84148 63780 
8075 20
92108 91957 64482 69962 89686 16487 44525 28729 16535 12571 69878 85974 5356 86182 67814 47080 53858 75713 74208 28757 
9530 19
78919 59229 30646 46332 27657 65930 70247 94433 71577 72234 84206 5518 83438 3263 71665 3782 91234 8645 18334 
7422 11
4558 10471 70949 91533 61478 38539 44116 83752 39109 17949 48469 
700 17
46696 63109 26138 59674 42168 36847 93756 63296 54636 7868 37842 60993 39180 9865 67210 66592 24597 
6712 19
87917 28022 10214 14454 4014 60773 76611 89403 15454 4260 36804 55337 62255 85203 8461 90135 82890 72059 21673 
5747 20
55061 84961 89643 22476 58762 4922 31431 21990 6244 61271 65590 10681 5477 28043 73983 76982 4551 29847 17337 49244 
5197 19
45343 24753 40458 86398 58313 35091 39479 23035 79138 72674 959 92028 31799 88446 16340 22871 36950 2237 69462 
9717 20
24005 49619 34430 89528 31613 8818 17131 80175 54700 81030 83029 53060 31011 80746 36358 71094 87353 10492 17668 85268 
5390 20
1629 26973 91957 41659 46059 96555 76674 98409 37734 9937 80485 5053 65140 61675 83944 32506 75021 41223 6763 41258 
9619 19
16869 67923 53603 97570 89384 74864 71889 81817 99231 63514 93670 94054 8715 4945 41545 22074 59750 33053 66905 
2296 10
25580 86690 37941 26228 68248 67453 93474 60053 25311 84449 
3907 11
14146 45631 92245 99279 42943 25060 34950 58981 27219 33825 39237 
4951 20
60464 83976 54317 96872 60946 68640 17168 17051 47056 80866 4648 94786 99435 84586 28703 9077 81802 97325 58531 79988 
3547 20
28626 49233 49047 67381 98490 97811 66303 11006 19858 71151 68263 18037 43770 46446 43386 79320 8106 76963 34331 68797 
876 12
45639 98313 86030 55118 21434 6830 57055 17126 51098 13462 4652 18424 
1559 13
48838 83093 90715 51878 52328 13735 44809 57844 91615 49428 21448 94008 32310 
9242 19
49420 21470 74072 37102 78355 1941 54825 37862 89260 26479 52262 31590 10725 86748 42919 6430 33400 29313 3638 
4275 20
46631 60857 63686 80892 86342 47970 99148 21220 70417 71821 2809 4338 32042 39744 95189 86091 80800 93416 98905 92110 
9805 20
54566 205 53462 25462 3203 77204 55021 34639 60084 63350 85938 64975 69928 20438 82251 30928 61658 57977 23730 30299 
8981 10
73258 36381 15079 52999 53912 87611 11981 89217 68881 92873 
4817 14
73641 94199 42036 89661 86077 69823 15645 30252 54216 71596 88560 48229 11129 38858 
2611 19
20379 72537 29310 97483 2013 85641 57813 30014 35787 52184 29626 42207 20784 75980 71017 46689 55573 2252 70329 
1052 18
63736 51835 35464 71399 75945 75804 73676 34325 51990 95563 99575 59493 25674 16212 22108 10359 13885 19071 
1274 20
54462 78981 7690 673 66288 23872 83511 40020 48214 60824 93789 61181 82843 76576 41491 43074 4021 27435 71581 65240 
7219 17
30095 80035 10232 61498 83244 65577 8046 79025 99905 6933 52610 56374 81402 95844 76261 46688 10771 
3525 19
60690 22992 53202 39839 33222 88124 26248 28338 90138 4701 9648 72796 5122 89782 54655 97816 80204 11729 99793 
5928 20
6437 89184 42070 6800 73704 58680 98020 16327 30727 58003 9901 70381 92971 71629 93169 46283 2104 82890 89660 48786 
6008 20
29920 45867 5250 34661 11410 84551 87851 79165 43410 24401 60417 96729 54791 36282 49132 29348 34879 80558 14507 65795 
1362 13
99195 16381 23576 59183 50782 33033 9594 73931 230 29277 18281 6294 67810 
2590 20
59603 58315 54953 97615 34053 43951 70859 83513 78111 45635 29997 37688 5742 48875 24522 45069 66541 90452 42927 81087 
2508 13
90784 92510 48357 88179 92124 89656 1316 25993 73503 63695 41036 11189 65240 
8385 19
41505 75733 8231 42303 48764 98942 44086 17066 47878 42967 62862 12131 88746 10972 99595 22621 69228 50374 74830 
7746 11
59907 45144 4100 56815 24363 24492 54403 45429 99364 60219 97759 
1962 19
37278 84765 44428 96281 62671 73818 2502 30483 58664 29826 89879 68175 82765 51671 10878 78135 69742 96098 73637 
2054 20
92636 91659 1710 6185 27668 44097 85047 64013 64706 45711 15150 57039 78222 78287 80293 59767 94677 2201 93387 38213 
3691 20
9338 66869 74413 41646 79731 2121 25828 10688 74814 6374 31459 27344 43392 20903 27638 72906 65137 97037 11485 14220 
5057 18
98302 35107 51615 26128 52320 92737 91836 37004 20724 27485 37723 10394 30101 56288 69573 56493 54671 27927 
896 18
10622 79679 51615 84771 65633 73411 55381 17942 32544 31190 43258 23617 91672 27111 56854 95797 72230 11746 
349 20
83215 64201 17897 92378 45706 49971 10212 55168 56492 71808 20469 87536 18167 97265 93253 39545 59352 73350 99807 34171 
9616 11
86840 1692 17570 99815 1364 75156 7556 16417 41559 78190 26504 
6134 20
88845 8314 20223 28511 59575 15130 15983 16441 83989 14464 46847 72197 54442 58272 21341 84770 53746 3 93362 17304 
6977 17
66128 32183 70449 71114 50143 34286 75975 32393 26326 17293 1942 99975 97203 16614 48057 70124 99006 
7412 20
68343 59333 45165 27169 52651 43542 5212 94954 33887 69932 33927 86753 9474 55422 31548 80424 34867 75750 17176 13706 
2761 20
63322 51499 76196 23168 66730 27433 35400 17870 43486 53753 75348 51639 99504 41063 47506 87746 13609 24111 94016 32886 
976 20
25452 69105 89648 84913 20915 2565 61575 79713 78129 70061 27399 92649 96395 40726 7768 3121 3485 61758 1581 84408 
1537 20
83836 48693 12074 77438 74527 97801 42729 91907 10681 61374 87307 33275 37321 69114 17099 72268 54007 2729 6451 86409 
5164 20
47743 70548 86577 25602 25995 20458 50794 40348 84369 36117 53324 4679 81659 30040 27638 99252 5217 73833 21399 82170 
8834 20
27790 33122 26969 32461 94166 47838 28952 15140 20112 94079 24810 57592 17043 29971 73288 27208 66250 80124 69488 47536 
6961 13
98943 7425 33799 24815 85713 42304 61734 57320 93989 78776 17110 3302 6470 
9937 20
86547 93171 55483 32255 71638 19533 93635 66338 73695 16797 64210 23664 80087 8300 27017 67641 80626 93406 33274 65351 
417 20
1989 6910 94957 53611 54617 35858 275 15324 96586 66048 10368 24763 99685 93582 60189 47041 23860 42052 67351 95889 
6037 16
97165 24743 38464 66281 32920 7125 50678 94511 56564 25154 33848 79458 81784 8744 11821 2408 
4775 19
39341 78072 85930 63833 80663 3796 51815 30257 56806 27594 18438 44376 82844 76773 46064 22934 24571 75465 40231 
8263 17
11126 28202 71490 46270 55646 2733 6974 64986 44886 67014 57446 87788 7696 1349 52668 76359 64885 
1332 10
51458 50977 87423 82194 82265 45514 17754 25872 82628 1607 
8404 10
13529 44882 38866 96954 82120 37115 91728 36801 13368 58196 
4433 20
64294 46541 94976 51203 51197 53097 68362 10802 54230 12864 84020 27731 43036 23365 63561 29276 19352 38711 66206 66372 
4002 12
85216 89282 89894 1844 90895 31961 13410 27076 3253 33581 85354 74755 
6680 15
15370 74415 34284 39175 66043 2474 47767 52709 11670 53964 30247 57564 98860 77425 18164 
6307 15
89704 32075 31376 40560 27148 70961 43113 77337 16080 78552 42450 45107 25674 4836 79172 
6193 20
39912 48885 9104 81647 14845 5896 3566 8650 90838 99532 35872 46958 60882 30943 86553 6591 91125 36402 75383 80380 
3182 17
74720 97675 85622 70932 71168 68327 28557 42131 32336 48825 53636 10925 85470 72154 62590 75229 48230 
9403 14
76259 28748 28667 78754 90424 56748 44729 85838 92356 35696 34338 56854 21686 70710 
3523 20
61656 6594 34807 85122 40136 92911 69437 672 89143 49092 22389 82484 66494 56113 39469 63837 46939 83589 14623 55861 
6832 19
96968 91032 72490 99670 80719 59365 25371 935 26356 18282 83082 86543 65767 17907 44438 39171 22132 20256 25364 
5995 18
38772 90526 8454 92649 70187 86189 43298 54699 76006 75261 93790 40256 89458 70761 55937 23802 95170 25136 
2468 20
67246 15132 59586 22455 50910 55111 48757 6745 76499 71515 58641 58943 82367 92160 64188 4270 97638 75860 44075 84408 
7218 20
75619 53763 17868 42873 41014 91340 51664 46565 67526 32922 9385 10604 19101 45458 68180 21624 7404 49821 58235 88476 
7834 19
58700 63472 42104 34715 35584 43920 54148 15667 5965 51735 7810 60732 28688 19199 49481 66811 17644 46790 8043 
7454 20
33783 47915 64954 70501 69299 86612 96529 60581 40925 36989 4424 65962 17645 2689 31054 68045 78091 2732 62802 96982 
5053 19
59378 10965 47759 45636 95967 73720 19673 93125 97335 25811 93391 63193 11913 25989 37442 56682 39551 97862 59427 
8931 20
44975 73422 46470 5681 56908 78860 19568 95780 30542 85129 9389 68618 14462 48430 99045 14270 73278 51296 64479 79669 
4205 19
65488 96470 99204 92641 64709 52548 32574 75530 15390 553 34821 45749 47251 45589 25076 94816 13924 57353 72787 
5337 19
35646 73977 34927 64465 76649 89116 672 64741 78638 44852 25542 89207 91595 62762 39789 85424 21581 83241 24497 
6247 19
23903 93861 87397 68930 52998 13773 84919 97839 39781 43826 87127 1016 9586 82602 1267 17357 57766 80219 16436 
8806 19
53684 68367 62452 16845 75719 72171 58071 37049 39730 38700 78327 2698 15056 26433 29987 4637 4935 22017 40312 
2929 17
27465 27023 44911 38518 30469 38703 43243 46862 35499 81535 136 91547 58328 21993 70385 54481 87204 
5105 15
63294 86497 25937 43384 62790 58870 72557 11408 66158 5269 43200 24416 23803 41571 33920 
5633 11
93510 18444 37377 4807 92242 57891 8991 38906 30048 26393 93264 
9647 19
6639 93830 20992 36874 77077 22523 36307 29392 69201 25354 15121 35547 14951 3723 46419 25514 24037 95318 47109 
290 14
91032 26169 35459 55135 99901 91328 16298 21136 59417 97713 59035 97769 75750 23235 
5421 18
66572 10953 95528 50462 8570 18313 20944 3652 19039 94449 43570 62347 51143 93663 65072 621 54698 46546 
7575 16
67566 43509 79454 43121 81317 53525 60496 80057 14517 96630 31529 11851 99998 56723 57733 66420 
8301 20
42833 77553 60520 77403 8668 33035 59243 80421 56580 68204 25209 94550 23887 73315 93091 86813 91618 79257 44378 79564 
2442 20
98604 84503 25730 48399 73543 99505 48981 58775 27609 31444 48214 4533 40660 16400 72868 16842 69852 62385 96549 9663 
1790 20
79007 19253 27793 52660 54235 83874 15140 45430 39903 79582 59528 24251 27380 9859 59698 12947 28179 12853 49580 676 
3577 11
99001 94329 94380 97635 98562 23227 55158 55683 85336 52814 43251 
1331 17
69820 69818 38127 59676 12924 25333 72124 53581 3541 86946 72349 81015 31281 36055 41770 59974 82656 
6017 19
47062 81823 80407 27909 76518 24947 46107 23138 908 13927 76080 90235 97607 96869 90217 99079 44017 36596 99549 
4413 20
20941 10327 3122 28378 49728 59260 7199 46770 14730 57058 20025 86589 84151 91694 32534 68090 37650 66666 7762 18639 
3871 16
93037 83757 34264 38562 67022 52692 98821 67314 93465 36057 6198 86380 2283 60672 29774 68647 
3823 20
90140 98714 3479 58710 29672 91973 70058 80512 86559 7086 12044 69596 52166 96659 27617 10313 61617 43707 26853 67276 
5239 20
96215 93034 98401 60165 84253 40472 78457 72887 31060 60645 77807 77922 77815 48604 85295 32705 84030 20909 84346 99630 
2664 19
52093 54995 84514 69525 70202 65434 57718 47150 73448 47589 80596 57976 96111 31295 73485 91693 60287 30059 39531 
2384 19
83871 89392 74373 92352 32593 28226 75040 15032 84077 65527 72828 44035 34763 40514 6258 40138 66377 47168 52570 
6836 20
43972 7098 43887 2475 46021 73748 76334 9803 34777 35649 16538 60963 11927 8810 13539 44567 63685 47880 20434 39964 
1561 18
30326 71237 38789 92091 25619 18027 58267 92126 9880 16710 37006 87458 53032 16984 90433 5669 37612 27889 
7040 20
61395 10448 63916 26840 81695 18632 20104 6429 68762 52031 40241 9114 51633 12011 19113 15896 95228 40704 36601 80914 
6979 19
89839 41474 32591 40294 57859 71799 71246 93347 41412 21211 30325 25493 15498 8991 43631 3425 18600 22906 76206 
7541 18
5324 19940 11479 13215 20145 52966 36106 83579 90316 38348 67202 86275 83095 39512 93685 89555 9812 36777 
